90 90 90 90 90 90 90 90
90 90 90 90 90 90 90 90
90 90 90 90 90 90 90 90
90 90 90 90 90 90 90 90
90 90 90 90 90 90 90 90
90 90 90 90 90 90 90 90
90 90 90 90 90 90 90 90
90 90 90 90 90 90 90 90
90 90 90 90 90 90 90 90
90 90 90 90 90 90 90 90
90 90 90 90 90 90 90 90
90 90 90 90 90 90 90 90
90 90 90 90 90 90 90 90
90 90 90 90 90 90 90 90
90 90 90 90 90 90 90 90
90 90 90 90 90 90 90 90
90 90 90 90 90 90 90 90
90 90 90 90 90 90 90 90
90 90 90 90 90 90 90 90
90 90 90 90 90 90 90 90
90 90 90 90 90 90 90 90
90 90 90 90 90 90 90 90
90 90 90 90 90 90 90 90
90 90 90 90 90 90 90 90
90 90 90 90 90 90 90 90
90 90 90 90 90 90 90 90
90 90 90 90 90 90 90 90
90 90 90 90 90 90 90 90
90 90 90 90 90 90 90 90
90 90 90 90 90 90 90 90
90 90 90 90 90 90 90 90
90 90 90 90 90 90 90 90
90 90 90 90 90 90 90 90
90 90 90 90 90 90 90 90
90 90 90 90 90 90 90 90
90 90 90 90 90 90 90 90
90 90 90 90 90 90 90 90
90 90 90 90 90 90 90 90
90 90 90 90 90 90 90 90
90 90 90 90 90 90 90 90
90 90 90 90 90 90 90 90
90 90 90 90 90 90 90 90
90 90 90 90 90 90 90 90
90 90 90 90 90 90 90 90
90 90 90 90 90 90 90 90
90 90 90 90 90 90 90 90
90 90 90 90 90 90 90 90
90 90 90 90 90 90 90 90
90 90 90 90 90 90 90 90
90 90 90 90 90 90 90 90
90 90 90 90 90 90 90 90
90 90 90 90 90 90 90 90
90 90 90 90 90 90 90 90
90 90 90 90 90 90 90 90
90 90 90 90 90 90 90 90
90 90 90 90 90 90 90 90
90 90 90 90 90 90 90 90
90 90 90 90 90 90 90 90
90 90 90 90 90 90 90 90
90 90 90 90 90 90 90 90
90 90 90 90 90 90 90 90
90 90 90 90 90 90 90 90
89 e5 83 c5 28 bb 01 00
00 00 b8 be 76 d6 11 68
15 8e 04 08 c3 90 90 90
90 90 90 90 a8 34 68 55
